0.884766 0.884766 -202.490997 -77.199997 -10.950000 45.000000 250.000000 1.000000 -1024.000000
0.884766 0.884766 -202.490997 -77.199997 -5.950000 45.000000 250.000000 1.000000 -1024.000000
0.884766 0.884766 -202.490997 -77.199997 -0.950000 45.000000 250.000000 1.000000 -1024.000000
0.884766 0.884766 -202.490997 -77.199997 4.050000 45.000000 250.000000 1.000000 -1024.000000
0.884766 0.884766 -202.490997 -77.199997 9.050000 45.000000 250.000000 1.000000 -1024.000000
0.884766 0.884766 -202.490997 -77.199997 14.050000 45.000000 250.000000 1.000000 -1024.000000
0.884766 0.884766 -202.490997 -77.199997 19.049999 45.000000 250.000000 1.000000 -1024.000000
0.884766 0.884766 -202.490997 -77.199997 24.049999 45.000000 250.000000 1.000000 -1024.000000
0.884766 0.884766 -202.490997 -77.199997 29.049999 45.000000 250.000000 1.000000 -1024.000000
0.884766 0.884766 -202.490997 -77.199997 34.049999 45.000000 250.000000 1.000000 -1024.000000
0.884766 0.884766 -202.490997 -77.199997 39.049999 45.000000 250.000000 1.000000 -1024.000000
0.884766 0.884766 -202.490997 -77.199997 44.049999 45.000000 250.000000 1.000000 -1024.000000
0.884766 0.884766 -202.490997 -77.199997 49.049999 45.000000 250.000000 1.000000 -1024.000000
0.884766 0.884766 -202.490997 -77.199997 54.049999 45.000000 250.000000 1.000000 -1024.000000
0.884766 0.884766 -202.490997 -77.199997 59.049999 45.000000 250.000000 1.000000 -1024.000000
0.884766 0.884766 -202.490997 -77.199997 64.050003 45.000000 250.000000 1.000000 -1024.000000
0.884766 0.884766 -202.490997 -77.199997 69.050003 45.000000 250.000000 1.000000 -1024.000000
0.884766 0.884766 -202.490997 -77.199997 74.050003 45.000000 250.000000 1.000000 -1024.000000
0.884766 0.884766 -202.490997 -77.199997 79.050003 45.000000 250.000000 1.000000 -1024.000000
0.884766 0.884766 -202.490997 -77.199997 84.050003 45.000000 250.000000 1.000000 -1024.000000
0.884766 0.884766 -202.490997 -77.199997 89.050003 45.000000 250.000000 1.000000 -1024.000000
0.884766 0.884766 -202.490997 -77.199997 94.050003 45.000000 250.000000 1.000000 -1024.000000
0.884766 0.884766 -202.490997 -77.199997 99.050003 45.000000 250.000000 1.000000 -1024.000000
0.884766 0.884766 -202.490997 -77.199997 104.050003 45.000000 250.000000 1.000000 -1024.000000
0.884766 0.884766 -202.490997 -77.199997 109.050003 45.000000 250.000000 1.000000 -1024.000000
0.884766 0.884766 -202.490997 -77.199997 114.050003 45.000000 250.000000 1.000000 -1024.000000
0.884766 0.884766 -202.490997 -77.199997 119.050003 45.000000 250.000000 1.000000 -1024.000000
0.884766 0.884766 -202.490997 -77.199997 124.050003 45.000000 250.000000 1.000000 -1024.000000
0.884766 0.884766 -202.490997 -77.199997 129.050003 45.000000 250.000000 1.000000 -1024.000000
0.884766 0.884766 -202.490997 -77.199997 134.050003 45.000000 250.000000 1.000000 -1024.000000
0.884766 0.884766 -202.490997 -77.199997 139.050003 45.000000 250.000000 1.000000 -1024.000000
0.884766 0.884766 -202.490997 -77.199997 144.050003 45.000000 250.000000 1.000000 -1024.000000
0.884766 0.884766 -202.490997 -77.199997 149.050003 45.000000 250.000000 1.000000 -1024.000000
0.884766 0.884766 -202.490997 -77.199997 154.050003 45.000000 250.000000 1.000000 -1024.000000
0.884766 0.884766 -202.490997 -77.199997 159.050003 45.000000 250.000000 1.000000 -1024.000000
0.884766 0.884766 -202.490997 -77.199997 164.050003 45.000000 250.000000 1.000000 -1024.000000
0.884766 0.884766 -202.490997 -77.199997 169.050003 45.000000 250.000000 1.000000 -1024.000000
0.884766 0.884766 -202.490997 -77.199997 174.050003 45.000000 250.000000 1.000000 -1024.000000
0.884766 0.884766 -202.490997 -77.199997 179.050003 45.000000 250.000000 1.000000 -1024.000000
0.884766 0.884766 -202.490997 -77.199997 184.050003 45.000000 250.000000 1.000000 -1024.000000
0.884766 0.884766 -202.490997 -77.199997 189.050003 45.000000 250.000000 1.000000 -1024.000000
0.884766 0.884766 -202.490997 -77.199997 194.050003 45.000000 250.000000 1.000000 -1024.000000
0.884766 0.884766 -202.490997 -77.199997 199.050003 45.000000 250.000000 1.000000 -1024.000000
0.884766 0.884766 -202.490997 -77.199997 204.050003 45.000000 250.000000 1.000000 -1024.000000
0.884766 0.884766 -202.490997 -77.199997 209.050003 45.000000 250.000000 1.000000 -1024.000000
0.884766 0.884766 -202.490997 -77.199997 214.050003 45.000000 250.000000 1.000000 -1024.000000
0.884766 0.884766 -202.490997 -77.199997 219.050003 45.000000 250.000000 1.000000 -1024.000000
0.884766 0.884766 -202.490997 -77.199997 224.050003 45.000000 250.000000 1.000000 -1024.000000
0.884766 0.884766 -202.490997 -77.199997 229.050003 45.000000 250.000000 1.000000 -1024.000000
0.884766 0.884766 -202.490997 -77.199997 234.050003 45.000000 250.000000 1.000000 -1024.000000
0.884766 0.884766 -202.490997 -77.199997 239.050003 45.000000 250.000000 1.000000 -1024.000000
0.884766 0.884766 -202.490997 -77.199997 244.050003 45.000000 250.000000 1.000000 -1024.000000
0.884766 0.884766 -202.490997 -77.199997 249.050003 45.000000 250.000000 1.000000 -1024.000000
0.884766 0.884766 -202.490997 -77.199997 254.050003 45.000000 250.000000 1.000000 -1024.000000
0.884766 0.884766 -202.490997 -77.199997 259.049988 45.000000 250.000000 1.000000 -1024.000000
0.884766 0.884766 -202.490997 -77.199997 264.049988 45.000000 250.000000 1.000000 -1024.000000
0.884766 0.884766 -202.490997 -77.199997 269.049988 45.000000 250.000000 1.000000 -1024.000000
0.884766 0.884766 -202.490997 -77.199997 274.049988 45.000000 250.000000 1.000000 -1024.000000
0.884766 0.884766 -202.490997 -77.199997 279.049988 45.000000 250.000000 1.000000 -1024.000000
0.884766 0.884766 -202.490997 -77.199997 284.049988 45.000000 250.000000 1.000000 -1024.000000
0.884766 0.884766 -202.490997 -77.199997 289.049988 45.000000 250.000000 1.000000 -1024.000000
0.884766 0.884766 -202.490997 -77.199997 294.049988 45.000000 250.000000 1.000000 -1024.000000
0.884766 0.884766 -202.490997 -77.199997 299.049988 45.000000 250.000000 1.000000 -1024.000000
0.884766 0.884766 -202.490997 -77.199997 304.049988 45.000000 250.000000 1.000000 -1024.000000
0.884766 0.884766 -202.490997 -77.199997 309.049988 45.000000 250.000000 1.000000 -1024.000000
0.884766 0.884766 -202.490997 -77.199997 314.049988 45.000000 250.000000 1.000000 -1024.000000
0.884766 0.884766 -202.490997 -77.199997 319.049988 45.000000 250.000000 1.000000 -1024.000000
0.884766 0.884766 -202.490997 -77.199997 324.049988 45.000000 250.000000 1.000000 -1024.000000
0.884766 0.884766 -202.490997 -77.199997 329.049988 45.000000 250.000000 1.000000 -1024.000000
0.884766 0.884766 -202.490997 -77.199997 334.049988 45.000000 250.000000 1.000000 -1024.000000
0.884766 0.884766 -202.490997 -77.199997 339.049988 45.000000 250.000000 1.000000 -1024.000000
0.884766 0.884766 -202.490997 -77.199997 344.049988 45.000000 250.000000 1.000000 -1024.000000
0.884766 0.884766 -202.490997 -77.199997 349.049988 45.000000 250.000000 1.000000 -1024.000000
0.884766 0.884766 -202.490997 -77.199997 354.049988 45.000000 250.000000 1.000000 -1024.000000
0.884766 0.884766 -202.490997 -77.199997 359.049988 45.000000 250.000000 1.000000 -1024.000000
0.884766 0.884766 -202.490997 -77.199997 364.049988 45.000000 250.000000 1.000000 -1024.000000
0.884766 0.884766 -202.490997 -77.199997 369.049988 45.000000 250.000000 1.000000 -1024.000000
0.884766 0.884766 -202.490997 -77.199997 374.049988 45.000000 250.000000 1.000000 -1024.000000
0.884766 0.884766 -202.490997 -77.199997 379.049988 45.000000 250.000000 1.000000 -1024.000000
0.884766 0.884766 -202.490997 -77.199997 384.049988 45.000000 250.000000 1.000000 -1024.000000
0.884766 0.884766 -202.490997 -77.199997 389.049988 45.000000 250.000000 1.000000 -1024.000000
0.884766 0.884766 -202.490997 -77.199997 394.049988 45.000000 250.000000 1.000000 -1024.000000
0.884766 0.884766 -202.490997 -77.199997 399.049988 45.000000 250.000000 1.000000 -1024.000000
0.884766 0.884766 -202.490997 -77.199997 404.049988 45.000000 250.000000 1.000000 -1024.000000
0.884766 0.884766 -202.490997 -77.199997 409.049988 45.000000 250.000000 1.000000 -1024.000000
0.884766 0.884766 -202.490997 -77.199997 414.049988 45.000000 250.000000 1.000000 -1024.000000
0.884766 0.884766 -202.490997 -77.199997 419.049988 45.000000 250.000000 1.000000 -1024.000000
0.884766 0.884766 -202.490997 -77.199997 424.049988 45.000000 250.000000 1.000000 -1024.000000
0.884766 0.884766 -202.490997 -77.199997 429.049988 45.000000 250.000000 1.000000 -1024.000000
0.884766 0.884766 -202.490997 -77.199997 434.049988 45.000000 250.000000 1.000000 -1024.000000
